200060000007004086000001300000000040090000000480000710900078000000050002020600501
009000700000800006230910000002008007300000020900040000190600270000280040000005108
406010000020000100500207000600001800000030509080000300030060210000000050000350408
000189003400030200000042000002000000000000598000000170700000040010790030040003005
000000000050930000000042000206000010004860090190000030508100076000000053001004000
000604030005003090002000000000000000090720000300008906080501000004007520010000700
039010000000073080708000105005000008001900000360000000024000009000080320000001800
840000001070000400000000050000000504003604010000000609400902000900851000205007008
004100060061000057002000004009000000020309000050000089005010300800007000003056000
080701000001000090730500041070000006205003000800000730000000500000150600000620004
008070000000100300000060207502000000300080070000020630000051040100000008600040700
085040900000000000029350000300000060000401000007090010060000000090030570000120800
080060024005102000000050800000090000000000150340000600070200090000008301050009070
000000070710000200800602950050040080930000020000080603000000002000864000001003006
000000000000904000094006020070050060009080000002003504000070040000000036780000000
000001600400080003050060001020000800000020010900700065080205079000007080090040006
020070108000800000005004000000000300100037902047000000506001000089025004000008000
000050000650090000400700060009030006000201070003000024000002010006000080040609000
200080070008002000000050010040000708000000500003400090060000007901300000000071630
900700500000600040800000039000173000003060070006000200009000000000400605001052400
006001007102005060000730000003800009000024103000000075080000200007040000500010000
000002000800000500032070000000930004060000080000760100400090000201300007009510802
603020050080000004001095060004000003090018000000600900200700000000000040005000801
900034700000000030000080020680150000090603000007000900201000800000000467000700002
900105000050000060100380020041036080002000000000020057000050000090000500600200310
000090200000400030000007050290060000000001000100003004004020080907000046006300000
000000100000009070615007000000006000000300009570020010000030086790040023800000000
000000800740200009000040016000570000260000304008000000003001000105380060680000000
003008095500001004000004320060000800005000060800002007000300000700050603080000200
000072090060900200005000001270801000000750006006000400800090570000300000000005040
000060001009003070008070090000100200600000004020006710200080000403000128000940000
003205006005000000700001900480000010006500209501020000000000040000068003000042100
000080009502900000000014000000406008047000000060000300006003000000200050104809060
500008090020041000001030000040300800005400063007005000900200745000100006070000900
050010007401000900000060205000000800015000000027500091090002000700940000000050680
000009040050040290700000000100700000009080007000004361000500120000090000003006004
400010000000540000863700000001004000002006470000030002000001064500000019020000750
000000900000012000009007062600000800000009050250300000007800009000000508160000307
020000071050009200063000009008050000010006002000007000040305000500600007001200800
000000001030960000000005902006300000000000078014007060400000080200680009070010000
100005020462000701000700090000070005090814000000900000020000003640008007500000000
000008097409700000050000002008016070000090003002800600060501000000040020000023010
000000006301000792400000000005040000000053009020907000000002005600070280080000063
053000084000500090000100000800900050000012700000004609004230005500008007009000000
701000056060000003040070000025010000300706000000900400000850300010000075000000900
007003006009000405300080000080020090000401000003600000000007002700002600010000350
009000207080001000001006900060500040002004600100020000040090103000003400800000000
907020060000000000008090070050000043080000009000649000500001000003006008000005201
000520000090000000500090800006000040700000000000308261060000008804007090300050700
000060000130040008000002900700100600000207080080000005000503002910000700003006040
830006000506002009020700000105009000000000500007000006000064078000000030080510040
301020089000049000080000000000000064000000210009001070050000000206907300700600040
301007000090000080000100005000000000058600020000408900480000057005200000000000034
000000065006001200300075900800030572010004000000507000031000650000002000000410000
001506800000000000420107000000300001600700003074000060002000630030000090500000407
000100960004000000050006100860004070020700000000080240000002000000008501270000600
006000700400000900000510420000007005703140090000008000900200007000405000840001000
800002000000001000070506000000603048009010005100000630023007410000000700001009002
802000009070069100000200507000000030204605900090001000006000000900470000030000005
000028670308000001000030200004000000005162900000009807000010002060000000000005090
000200060000000045500301700740000000003000010000005008002010900000000000671430000
000006003300000200000003800250000014000009006700100000003960000018004000070025300
800004006000005000060080700090000650700002000054100000200040800000000300045001090
046000000050001000203590040000000900700000300000804710020068100500000072000902000
000300080000610000400902601040000800050001900832000000000004010020000004100726000
900000304300009000108000000080900000009007130000000270004030700000000400027058000
030004160000002005008000090000960000003010056000000400806000700000000020090378004
000300004900000030000500080470930600003000000005608003010800950000060000520000170
890400200000000009005600400003700000010008600500006030600002040000000100040390070
040090800200100000000000009000000070050000691007006002001250400000080000602010008
000000000003074000400600000000100365060900000080000200000090801008000040010007096
000800070006000400000000503407090300030001290000608000700013000005004002060200030
093000000102740003000001920000207001030008009000000060040000000009600070056003082
000000600000600503003000008000800040074020000030005006007039100000000000600570092
004000700070000006000080300020090040780005000000206100090000030040000000050013080
050006020007050010900200600001060700405000008000500130809000000060398070000000000
002006000090020074005000000000900000000360500640000008000010809203000705001003006
600497010804002000000006000430000090001905030060000750009018046000000002000600080
000390500020080063060400000400060080006500000000020000300000857008000009010200400
006000085050000301040000000000900402600001000020080000000504018031020000500600203
000430000600005200000900070030010092000600000500003000012000060000070509070001800
080006094000000000000001703000000000001050207009240050805090640400000020000000000
007000024060005090090006000689200000004500001200000000000009057100700000005000340
007100000602039000000005000020080700500090806003060020900000080005004900060000340
050000100130400062060000700007006530008090407000000000000907050400000000000602008
004000020070180000000205070000009000080060700001000603010906008203000060000050001
000050900008000001040030270000005400060901000070680000500000120009804030000000000
080900020035008600001000007406000090000000000000396800000041509800700000000009000
000080400310005800000400217000000900005002003008004060970000080400100000000008700
903040060507002000000300080006000050802005000000800409065000000700000040000070205
001700000000500030000003407010000009080100000007009506700204000006900074003000060
000000700007090016010020430098604200000000005000700800300050600006009040002000000
000026300000708900000900080506000090200007005080040000004000020090000000071003000
070100200200000094000704500008060020000001000090003000400090050082030006605000070
000000809306000000000060030010000000000003028005409000007010090200600050040070001
600000809000073000000094010090000001708300206000400008200006030009700060040000000
070038000000400000000600000007015090601000042005000003060003000100000900390070120
001000900007950000000704005000360200080000000020000700000030408060005030910086000
008091000000000200460807000000000004000060070380500090004000003901058040020040000
050900006020004001000000730000003108001080060040050000100570020007009040030000000
000010006900700500000400020070004360500009002030000000406050018000601070700000009
005070060806005090004000002709003206000087300000001000023000004000000000000048007
000090005000000104020005900100007000600008000083054096000580060007010300200000008
000061700008000005400000000500206000000700601200030900000040006005007400010850000
090000800400905000800040090000001547006009080010020030008500001000000700000162000
000500800005073000007008203204300009050906000000004300090045000000260400001000070
010905000000800032000000060008000000200406700006080010000700400057000900000300006
007030600000009000000000094209000500005070031010003020080060740000500000650000002
109005000000000060040006301000103800001940020700800500006080050008070009000004000
040310070006900400005070000900100300000005001000200040081000092000000030609030000
000900000000000900080300051700500600000000092043028700000100039031000870600070000
600070400000000750008600090000500200400008030001700009009000000000001000054803102
060020300000350004000100028600090030000000005020081907001000000002067000800409000
080040630300000200000090700500900001000002500020068000000000340005470000073000000
900040000000000000103009000002100000008405030000060718080050200007000005000683009
000150830200080070006000201000930000400000000800045710000000042009008050600010000
000850007003060000000000000008031090000000000410000050006500010050014930020000840
900000048200000300086700001009501000600007004050080970040100000007000000000006785
008007000030500000400000720000009401007000500060200000000000004000920050050031876
600000080000801365000940070000009200040000050580073010000500000096000000300000004
000200500000600007890000230040096000000702380007000160500000000069000070100030000
005700006718003000000000080200007600000810000000004050090000030060030040087002100
008005000040007000071046058800000006030000240000600100000002900080490001200000000
000050409000623000005008002000000604508000000360005080000040000400000235000700800
008000000000640085030001000003000040106000000000507009000006002007408003900020710
006210000000708000002000009000050070801060000200900600090600105003000900500400207
000008170000003500036001000010300400000900000604000090071050060000806002000100000
400030000500000002089206100160407000000000300005003907020700400000901000000000005
020000004004003060067009000090005000000021007002094051900010070000380090000000026
000000000020460708010005004800000000004920030000007519705080000000000402002600000
000000040009070000302100005040000050010040007005002001503200070008000000090060030
001000007600715000500000000030002000008070090005000043014020000020003068000840020
040001260901002000080000003000076029700000410000050000000943000000000705000000000
000503700000084090000007408070020000000708031000600000007000000480000310016300080
000000702000053008094608000600030004070000300000006080000700000005080001900005600
018005006000040030000600800005290000600008250000000010240000067000030000000009040
910000700500090000000000030700060000000030410080000207600900005000700906000450000
000560029400000510000004080061000000003025040000003200000000903500070000900250000
008000020060307000090050004700080200005000000032000005003400000050001300100020708
000000000010807000000006921007000040690005070000042003500000000000000810208009006
000980400003000000104000002000800006000006070040012900050000000000020051080093700
806000240000702000009000006100005000500070030000830001010400007790200000000000015
500100000702000900000083000600030000000058090000000214000000030040706500000005007
000000500090800600010000300070090124002600009000430000600010070000900005700060003
003007000000640200010050000807001050000904000000000760000000004054310806009000010
000020809000000506500000010018002740200000000000350000000700060640130000031000070
000070080804030500000006000310900000000004015048003200580000040007200000600000000
063020000000600000400008920008090030001070800900406001000004560100507040000000000
090006000040001000501040060000000045000050309800700000059400000020080090000063400
005080200006010400000000090000000008000306905070000060010004600800000002500820007
000306000000000607014000300000000000700408009009500080050000020007010508032000700
700000006002016000800007400000000072000000500005300890380400000090000160070031000
070009005800050200500043000000000021060002430700000000300000609100000000040610000
600309000000000300012600080080090040030804050000006200509200617000000095000005000
000600020403000000000090800007301600009000001000050400090000068870000942000005000
200800004710040000900000610040097000050000082000000000000462008009005240000000000
008002930300080007000000860400200000000090500005071080096000070200530009000000100
000500000300600025006002004000000800004000090030001072000987000207000300100004600
000008200090200073600030908006002430000000060018000000000000000001005007054809006
503007010000081060006200048000030609050000000007500400040008500000006070100000000
000480030000003000500006004800000400603570002057009000000000071000000283000902000
000000009080400010000300060602057800004800006003000000300002091200000570050094000
040000000800000006002076000001300009090040002000910040000007005000030710500600800
200000000080230050000009008501008000000000041028906000007300000060001000000400020
010000000000080530090506000000000001006009007207030000000290703600050020000000004
010000860500084000400000000005003006020050300080000017007000009002607000000009100
009000386004068502050010000000003000007000609000000800800009074006800000020001000
000090003080000402040000570000050000500100800006830005900045000000602100003007000
000000004006970000070500020000709080008000002007100600080000030009208005034000900
000060200038000070900080000000000001097000050380006700600004100000029008005000009
060900104000000000009010508002001300050032000091700805080000002000004000030009040
000620050020000008000084010730008400008050000000000705200913500000000600003000009
001007026420000050000000080000008900006900000040500270207000000100740300060300000
060500003000007000420100000004000200800702000001060500030204700009000000010053060
006013005000800300000000000067020000920000108000004000300640010500000900001037000
000090670000000050007054300500007400000000012906020000005300000070900043000060000
100302005060000000040100007005008006070000000008090020000004019400900000201005000
000804000000070560000030000300002901092600708000000005063040000000005000007000190
000009400800000057005080300000400020309700004500020080003004005680000002000030800
000010000000700008006000030050032801000000900009500000500020000807006400001008079
900000610008040070007000908050000800040087001000400000039000000005000100000620007
800700920007000500000009000060000084000974000010003700300400800000060000041032000
401000000000806010089700002100003009000000080004900060000050000060031008000000340
400010069006000030970600280000090400800000570000000000108040000005007006007801000
000280070000304002006000035000902003785000000003700060100400000000003000869000000
061000002000001007000039004002040000010058060900020070004090000090065000008000300
700060000900080005050000043003000007000401800060900130090140520000000000405200000
000050800040208900003000400907000000560700000002031005000009300006000002010000008
850000030004000080030027000300000070080004103010090400090430050007600000000000904
009802004150000009002000700000084100040700000070300008000060005000000003003297010
000090008400600050030004007010060004000030000000005702000208003005010000067000000
000000074000360000806000030709410000021000080050200300900030001000609500000005020
000200000006704002000000980050000790100607000200000000030069400009830070600005000
000080100000000209001000070460070005098200300000064000006020001000807004040009000
000009065009040000000783040005000000240060000730090052070000008000004000523000100
010700000670000000000300090000400051000002940005090206500070683860000400100000009
400002700560000009000090013000000095003980000007560000000000000800751000010000020
500000000002030090016050008300006050000008007000100002008203000060007210079000000
060100000000604080000200905000000071002006050000090030307040000000078400420000000
000000038000050040000709000000300207100000003080200510000062100970000000008001000
000407000700500009004090012000006008040003000300020040009000084000080026230000000
002090064080000000000270500000000907000340000209000001700030000008900032010006008
400000078000090240001006005500000000000000400040805001007500090800060007030908060
807056000100040005000000000000001007000900020300580000000400031008029500005000600
400000070002041090003000060000002000100090420800100009010950003700000000695000007
010000060000015090007208000705000000030000900600000871300700040000640000100030500
006040002300007000000000005000000030500008090079100006200003007000082000800509060
000030009070800005080050700007000030600000190490700800500008004001005000000400060
000000500000120060009050008800042000700000190004006000000007400900000003020003650
000001605080000000000479000000000000009600070046900820305000000007080200092005007
000005010000800009870000000000900070360500840000040096004000600500007000007359400
000030000005000960800200000003005002008010000106000050090750300500106040000000200
815000000000000601000000270008010000200700040100900026600000034000820000300049000
080200000300000105010093000002040000009600000050000790000000051007800200000420380
090040600000086054004000000001800000302470006000601300000000035080000000100307080
070032800053000000400601700000040000000009010000007002620000000005004020001070409
006001000005600008400908013060300102000000000980000030000000070050004090000175200
006008020500006080090000000000007400040190008078064000000050000012300700000000304
900000758000005962000000000040000800090508030080030671308020000001000000000047000
069073000040000000000002070310090000000500019000040008002000060470000200000060003
000000060095000000000036002000204750000900600003000040800007020706050030020800000
007000000020005000000300058086010209005800001900006000002670010500004000003001900
904031800008000004000090000250410080000000000300507000020003009000040607000000050
803010007060004000000670009000000702000025003000009060000003020018000000046090081
000000020750040000000000476000008109032000005800009003010900000008000000060023050
006000900910300008400050010200905040607001000000000020000060300700030000000008204
620030090500009030000700001000500002000800000030076000940002070000008010003000680
007000000001000490300620007100000000006030008090000060020069000000007903000005100
300056800005070000020100007000000000796003400008400000010700308000004012002500004
040005030070000000000804670735000000000600001004007000000200150008500900000010000
010000004000000030300001680004500010800000506930080000200000700000407900609000800
200040300000000000010200079008030700004050000360021805000000060057064000000013500
000000000401057000060000309006400781000000006000500040000040000302000008500160000
009000042700000016000380090004002000300004500000106000170060000000010680040000007
600003800009000670080090002000000360000000000090001000500700000006400010010008093
800001500050080090000020000000350000310070000070608020007004301000000002065000089
000470003000000180020000007000008070004000906063000000905001800000000049000530000
000063040000200700074000900003000000510000309080900020000008200700000060035000470
000700100600000004000850002000073801910000640008000000030004070001000000845020000
000080009050060020200400005000002300035000040070000050006903070000000014040050090
708001903060080700000000100000002560205090000006800000009200008010030009000065004
000043001070000002100009004000500040009000600250001900305000000000102000040006709
060400007000500890003000005000800014000107500084000709007009240500000000000001900
401007300093000000000000401000080054100630007700002000020000000800091005000065008
000804013006031002000007000008900020070000006010008009000003050630000070040000000
000040600090087000800000009760001000038020040020000070005090000000004001080600390
000005004001090765090010000000030000060009503040000098010000000003000820002800007
020764090900200360000000000700801000000000001450006008802000500070000004000400280
000000400000620050003807000000050900100060003089000040040070006098040000302000100
030800000100906520000005001690000070000000043008000100060004305700090000000500017
000000000300001094600008000000250000000090010029000040016003000700000085080042700
000002006000109052060000010400000000008023090000600000000001020300450700090070500
004100000200683000000000007000007020400901700000430000830000960600000800010090400
300605000000001300051040000005008700000004020003900086007000005080020040010009860
000000000005901060002000301000007690100000850026400070300009000004080000008600040
005000800070006000000900504100020050390000000000080090000008013030600000482001005
007000400000000600000627000006105009530700004000008200100094050000500700004000000
004050000000000000000109000000005800507380000092000006300520001040003089008040025
003001040000200006906000500070090200800002173010000005090000030000040050080300000
000004008000100400600070003409000001000032800050001900000000002100703005900820000
024080007000090005000006900002004090003120000070000006750002000000007204000060010
000080200006013009080005004750000008600000005800600400090060300200000010000001050
008705000900001000005000023000000600006400200094080000120000300000040070500300009
000783004080600000000000706000032000120040000000000008003000800709065003004000067
000000100950108306000000000500000082030050490010600000800001500060070000300002960
000001904000805700300000002405007000080000000006100000008020019000094500000300007
005000060700069400100300000008003500029000000004000810000490008000001093000206000
000007020000803409052000000060070000004000680825000900000002000000040006900160070
080000000004570090900000300030000700000200100007039060003000610010006020060402070
140006200800000500000050089000000000004005000090623004000100708000084002200000030
040000038019300000000100060000094000003002807000600000008000003050708020200000604
600000080000010200000320005951000006000050000070000004007008063000065000080090001
300007010400160800000090005290000000000600107000010300870006000030080590020000006
870040000300700000020008700056070040000000103000010070000001028090000030005060000
000709001100032008006000000070000020901000005200000806043000010000806400500100000
390000000000000087040095000003006004000000030560100008050000740600007100000250009
200000060000000050081067004000240008030000001040610025005070010070050000320400000
208000300000009080000046900000000500001058000600000400500060000006970230009300070
007060003000001002002003006076020090008000200010905000000800040004079030000000007
050004030036000000000018000000040710000053000002006000000420001080071004009000002
002040009000009020000600805006008000070000100000070548500037400000920000900004000
002000530010500070007180004003007000000340005080060002060009003130000000009000080
000005100690002045001090070000070023000009000000013090034000200570000000000807001
000090000007001806000060150420300900080000001900080000000000200008702000006008700
003000000090000006005089000000060300100703200034000010000002950000000100006850004
500302004000004070000000005000000051030040000087010036006030009000009800042008500
000400050000026009003000207240000000000800060000950800030200000004000090000097108
080000709000034100010900003090000000500380000000000602000000040301006000000157060
009000800000080703103000000608100000002000004930040000000802300060010045000006080
000803009900000076800000004570020000490008000000900000005100000020050000003090702
050020380001070900003000140080650010000980000000000039030000000410000700706210000
000090000000800310670000058040085070000000500001300040009000000057004060030070490
090020001300089564060000000000000012005000800001700600400000000000036050007008006
001000308000008400409001000006014000030000902000000800200305000000002080003640007
000000702000020000000503000800010650700090008300005009010000300060984500040000000
600002000004300206000040051000000570009000000030005010060000000500804300200630400
000001078009500000000407003021000500300050740000002000010000090000879000002000006
000800051640000900005040002000004310004053009012000080900000070060000000000010003
000000000900060080038004015400000001010730000003000000007003090000008640090006500
000026000000000854700100000200090060001005000003600002600700000030000040085000009
500020000010006000030009000000400012050060800008270069024000001000003006080010004
000000800400000205000040706800000000053100000000065003010000000200008190067300400
040010000001000009370006200000000094060005800000004032090600027500000006010790000
005000000000060020070901030200000890000080307600007000000095100000000004060400270
001000650000000037040000000002041000003000900000080165060200810400000090070600000
100800000000601000040070000005930000010000040038006007002000506600302400000008900
006084009041700000000260008002907000007003000000050600200000906090800005100000300
030008064005290000100300000000080047000050003400000010009000070006803002500006100
000305080020000000506001400700000000003028006450000800000040028007100000030000005
700000060060005001000090004600050820003017006804000003000030010010004007400000090
000000090000400701060090300002000030000000605000087900000700080801006029040950000
004051800000900700000600213000004060805000002070000008006405000020000500080000004
000300040800002700000010000000600003160020000520003980007408001000000002000006400
082000009000000304000080017000040003090006000000305060470000006100902000500070100
700000000000030870380017900040002000000089000210000005008960300064000000900075000
050000074080050009004007001608900000090720050000000000000000005000602300060030210
000601000080000043000000002000000000020090050100003689001000000005300908004920700
000904000200000300479200000047000005000035000080000600700009240090400006000608070
090300000054009027000000000008901006000000284000005000000010000800520940005000803
000028071040000000500600000090000600007002800005730040000007300030000409000100000
020000800007301069000060000030000000000095031002000700003019004090070206050000000
000001700009200005000000900098000000000100030003407020280056043000300600005000000
008000002000705034023004006000000400090600053005000009030210000800000000004050700
100030067008960120430000000507000040000003008000000900200000085000200000090508000
098060102060008000000001098400009000000000000012000700027130000300004050000500060
090000001017400600000502300000000007080001560920000000100658020000020040060000000
006700030003090480000008002001000006850007000000000500500009010000032090070000600
009000802000610000000400007280006030070000006500000200090780050600009010040000000
500000092704000100080050006006700000070400001000000043900807500003000000000095000
060000009003890400000400000000000001000230064005007800090000012000000005020008700
005000000371002600060074005480003000000000100100700300006050082000009500000000460
000508000000000100010409050008027000700005000600000073005002060009300800000040230
000400570008900043200000000007000001010090008090000005400300900000501004031000600
000700000000090450000200600504010000390000005010000200000004700006950000780030010
003001579006080000000700010500100004030004180000000600000500000860009007020030000
000090067200006081000053000030500040040080200000000005010007000600402000002000009
900000200000001000014096078000000005000900060047820000293000000000580006000100020
500000130080004000103600000000905040008300009000000007010000070472000000000406050
010000040209008000000506010000040058030050006070000300400860000020007000000030700
006000258000000000302080000007006105010000030000203800500307006100000000070000093
900050001008000005000170060060900020080032000790080300000000700300005000000029504
001000040350007800200000510003200901000109000000008470000800000504000000900003180
003200100850409000000000003060000590000005060032000000000100008470000600005020700
000803200007900000000070400000300120500019300000002009602100700018000000050080030
000000800005300004007000000040006200086102000000000070010000009300940012060008730
000010045096050003000000008500000060061425000807960000005007000073001000000000200
000080002400200000000005700040003000800010009900500206010000060000001800590620107
006900300900000076020100000000041000010000020800620005005016900000080540002000000
000040000080900000005002030400000008070000002000267950020001006008050000000600580
000036097080409100500000000000000324804100000000900000006000910400000000007008062
020050760000900050100200009008070603604080000500000020000020810000360000000000400
000190020700008400001060090003000100000470000090300062100900005000005609030010000
000100030006000700920000000084030001500090002000007000060780000400000500000042900
200004006001000002000100050340070090000080000070000008605040009007020061800905000
000090020000300100000000800400108000008020039000050600006805002305000000080600010
400000005000090200000000010090070000300026050001500306012000008007003500040100090
000500000700020060002490071040000050020008700000730000009000200800300009000050130
000000190000050002007200053000060301012000400006070008320500040005640000000009000
040006000002150007510000000008090320000607000950001070000004908000000002031020060
000000260010000059002070001000040500600300010000009002830090040040007030100000000
050000008300010052004000000290007300605000070000001000000900006003084000406003080
050800000000009000030000507010002006709000450004006000071000300340200080000430060
000089050000063080300000000050100408000000000610007002030000000400090670200700001
049000080600005070020000030906007200000600000800000001000701006200830040000000700
005081000000000109700000043090000000000349501600200000800000000004800070000020004
107060000000801030020000600600000420003270000009000050000098040500006009300010006
060800300000406000010000504000038050100000020000100400702040900000000007030502010
002000108000810300004007000000000000700900020016030050049203001000100745000000000
806000020020001000070008090200590600000214000000000070000109060040000008001003500
400207300007894000000000002760900000208006004000040008000000020000100600030700005
040029000080000000120004006360400000800000065200310000900000080000062090000008710
009001080400007060502000000010900005000046000000350070008000009000000350070080000
000045006002608000000700000007830200400000000000006015000290080000000000358004000
080020070000060001000908000030010057500003040800000000000009005600080000004007930
406010000005000008000005712100000000004370060600000479000500090000003006000960857
002100007300005009000070040080000000000340060004000210000000090600580000930000001
000000006000200700400076000020030000060000175708900200000000008050002093009340000
040060000000000900700008020130094780000000000400700060052000810000000075000509030
500040700080000400026000800000001204100000006040300000900002000800000071060590000
000006407300090002000041000700003510900000000008210000000030700030600040006008201
080000000030004280000090100260400500007002001000716090300001000650000000000003460
000080000002000509000100003000804090360007200400000150001508070600090000000300002
007000000000070003090351020000163000235000008006000009700004600000098072500000090
020090860080506007000008340000745000000800000600000030000000700569000000001000280
080057016000000070001000000009800600000036450060004000100900030200008001047000000
000382070004100030000000000009006003000000000061200005090070001080000400500069000
060040030080009700000030000400560070001008009000000000046000905200003000005002040
000000400800060300060070000200000050400102000900006108000920007010003000005000001
900006004000000000073000520000004200080100030000905410850300040000007000420500900
000973080906000001000000005009060000800510000007000040060057000004000010030080060
200300000000005009000000647009000080070801005040070030034080000000009006000500000
000008300600002005000500060900070010800403070000009600000000800004010007009000032
050420006000009030009060000800000270730006401000090000012500000000003000000000607
010000000390070002000008906000260000024000000000905080005180000200030007000020005
000000900080100005672005000004000806208060000050000070301024050000000290000001000
000310000080000009071006000000027408600000000000409500000050010013000270007001040
910000000008026005000050000006000403000900060030000020000005607300200980070000000
000430000800050720001000905007604001000000800000028007704000000060001030000260000
050000603700069000000102070195000000007000149000008000800704000003000900009200410
900700000600001008000090200170000540000050076056000000005308060000010000093007002
009000003000002060100860200000900007006200010030080050070005000090007006000000092
000000200000060400097038006040010000001046000036009000003094010800100005000002600
000010900010090850072006000030000070800032600000900000700600000040050320051000000
000000001000400357907000040001500200000287009003040000802000010000000063500060000
060000039400000070080004000000000052001000800900020001053901006000060007002000090
000020000054807090700010405306400000000005904000000106460001002000200000190000000
070609008805002000000700000000070000000910034120040900010000400003800010009020300
000305106004000058000400002000050080073209000060000300000000090036000000800020060
003007600000000041057000000840900006000360000002400018000050090000001004081000002
000050000700000006008900000000090201000008300004002700300470009900060100062800004
058630000040000906000900108060000000000010047004050000000807600000000000302009800
000000600785900003000208050000000000002080070500073060100006000030040102000100000
000080006400016000370004000500000620000401300002000010000002504105000000080700000
004002000080000000000050604000710003000500800018040007050060100020000060007300502
009000000300071009000004570100003000000000826000040300000900005001080090700000032
000300800050009000000000261080100002402008000000704900601000008007905040009000000
103006000070500860000000000000001200030000070004002009200790006890000000000600004
000004000407000000600800051010200000000070806703000000004031209000002300005400010
000945002000000407030000000003076000004000100005300000070060080000020050100094000
700005300000321080000000001400000090060000000000590000350008007080100006006000210
701006020000008100500009000400000700200004080000030000609000000005000400080070561
000060070008140000001000650000008003000000012000000500070090000040003000206700804
900020006003010000000604000000002650490000000007400010002006705700000089030000100
007860040100000200450100600079000005000500109030000000000408030060039000000000000
000040700600000000009000032075021900003000010000000075000007080800250006001803000
000009005083100000000500706050004100900000002006070308328000000000000000061400050
090016007500000000001004008000080401000000030050000000300600514006020800400008006
000060000080000159000280034005100900000000000032004000010800005040900000000003071
000018000500004920600003100002000050809070004010900006000000870004000000006080000
080400206001020405000000007050000700306000000800093002600170050000340000009006000
000009000000070583200408001600000079090000800304000000060700050030902000005000100
400000002000008970007004300000006050001007000900040000100090260005000009000570030
006002000003004070200000000000090106004307000000408005000800207108000060060003004
700010000010042060000000300908003000001080200074000100200000075000569000000200906
705000060003007501004001000002900050800000200940100000000400002000010045000720000
000070501000002006020000800040250068900007000008000205000510040406080000000000007
006200500000070086000040700009010000701900003600000090000180020080004000040506000
000000570000040000060003002000031000075000000608200001090007420050000000402560100
080000000700060043000900560000000208020109000000073005007000600009000014800000700
000006048000400070070000306050300901003058600100000000000040210000000005020069400
002600000100000000050400090006300000040008350205040000000001006000500407080000001
000401060000800030008003204000000013907600000080000002300050480002090000010000500
000500080000000703000041600140009000700038005005000100580600002001300006009700000
038000001000006073000009600000092000000000004090500700800760000206050800001000040
830060000009003710105200000000004050000050200050006001300071002000002009060900300
000000003094007005080052000020000096008900050000010340070400000600290000000006400
070080610900050200560004000000500030190000050000000008000340000080000100700906000
000070008100003009003068000000040573200000060000000000800200000090005007040100302
010090060000003051300007000200708000080000004000250300030000010057000008900800020
000000007000904000002601040100000700004030800050060000901000508006000000008307190
060000300800904000070100000000509020005000907040003600400000075007200000010000400
500080002030000000009406000000000004803090007201608003060020570700000000000063000
003000048009108000000000706000605000410080052060070000000000200090300000002000814
000000050972005004800400067000080030001007000037000010000006290024000000500001000
400000305060002070000900000001004006003086200000090080007010000500800100020600038
700000008000803700009006000070000826100060000002900000503270040000004000000000630
000410000000005620000000003900060000003290001008003007000074106010000040095000008
900010507008096400000000086000040005000780004000000020100000000080052000450008300
090830070000007804000500006000004600016200050004009000049010032070000040005000900
901070800000000040003006520105000600800700004000004000600010009054000010000800000
070004008000500004200090000100009000005008060038700200006000007001006900000021040
080043050500076820000001000000000042030080000020000907000000009042005000700000500
000000073090050020405800000000204060030000042001007000060080009000073001000100000
000091504008046000006000010031000250000000000500019000260004000900005003000000072
900003050004000000050070248006000000501480000000000407000050020060000003307000600
000070609400208000706000002000030000802000100060000750080010000000050200010300804
608003700003000609140009005000024000002700190060090073080000000005308000000010000
000000000400030510500010068010000024320080000008000007000007040001903000800040200
000080000210000006708000040060507100000210600090000000000090850004005000006074200
000040003000000006070820000000906052700000080006000170000500460900080000003400097
000000624000602000001000000000000000082054030500100008000000049690003050030025800
009000410050000060000238000090400000008000007000560203001020000930000100700000000
000060000300502010006004027040300000500746000029000000200000305001000960070000000
100500400040000000602370001004701390008060070000000004000020930070000010005000000
027050001000000000000004080004005907069300000003080400000003010500006009001200040
020000400008000000005300700904700008000960001000040002000070000100005009052000000
000700600048000003002003090016050200500000040700020000000079000005300020000000109
064370000500080000000000057100003960906000408000009200030907000000008040020000100
400080001000000360002001070000020000090730000006000800100390000600105200050072090
000000850000006000009080017680004003500000004010030000000020001063700000800090300
800000623009002050000005000004600702600000908008001000200500000710000000000040001
000302010079000000000000900017006030000743000000000054000004306803060090020000870
600000401300020000000009008000000030003052009016300057250960070001000500000000000
300080002040000080020070016000095000032000074001200050000060003090001000000000740
100070380000300109050000000809000005007000060000160000006800000700002400002030000
400060080060073900017000000004000032090050000003800070201006008000400000000020105
000078006060000000078000019300060000000030041400000907000506000804900500020000000
987000000000020003000000608000003070000090800300000904090007010010060200860005000
040000001700503400000007200901000000000490300000005800000001080070800004200900065
320001600007005900000008400050200001000004000943000000000010097000800000000600005
002407500005000100810005000000006002000000009908070001000003000050604800009800420
903000000001000080000005002000830200000000040005000107004006018000203090100004506
900700000010503000000240630030007100000102090600004070700000000020015000060000080
070000020024003509000050000030000000060400200100000380008900040000600000500000700
000016000700200340500000000090080400000502000300000006000000100048100002007053900
000020005000500100002490000040006000270000000030805700000000004100000807509300000
091000000040200000003017050900000100800302006000005037000076204000000000204000800
107000200000560030000000800001000000004031000705800000000740600003000510620010080
000070400304000920000000607000600800001040009050003006009060000060302005200400000
000070096000420000407000000900002180000000040006000205000000830070800000020519000
008070400090250060010000000006301000120000080000009000001000300000040002005003008
910007020007000001000200000100006304000003800400000007006080050005319000000000079
038000000000005900010030276060000700007900004000002090026007000790080530000400000
060080004009010000000304070070200080040000305000908000000000498050000200200006500
004678030000090020010000000040200000300541700000903000080000500070300010602000090
100000000304700000006450080040000002900030507010900306000080235030006000000000000
000205004400060005000000100020000496087006000000000000100004957030000008500120000
030002000000001090050800700006300000009070430007000180600004000000000214001000005
002000013050004000000683000000040190700890004000030005260000040300000806001500000
070050000290010006004000208720300000030000800900067000000080052400091000010000009
080006000030009000000000040000000970007090503206050000075000314000803050000005006
001020006000006030602008009006200590800300000003000070005900201090010000000040000
080006000002000700103800000061000040050390060000002009040500017000060005000080900
001039000020000070000000002200000069004000008080350000600400080300100000870002040
000000240000000067700010008400000080070000520106000000000081094000307000920540000
000000635000730000000050002200000006060000150003001000920005708001490000006080000
000100040008500006100000900004000050005020301000001000000089520040000060080032000
008000009000006100000050040000000700300720080600100093803200000000005001049000027
000000035000000009600250008008040100013000600004902000500000000007800000000006980
000005000009060000040090018080040006000050200003000070204070030000000009070802050
000000000000430000071800309000006050003000700050002040036070005800010000009000012
060000900039000061870000000000700210001040006000002003400080000026000890000020004
900086002810000090006000070100300680000050003009002000040003500000000014000108000
760200003000079040000040000002084050080030000031020080270000000316008400000000600
000006000050040010000803670800009007015000209400000006609020400008000000130500000
000400300008090005030800000005001090071300400004000260000907006100050000000000900
040200007007016509030000100000104080300000000010500600076000003050007040400050000
020000400000000006009307080090000860000060001010040200000000743407010020500006000
006075000000000400000000820007016000000030050001850309050102000070000080000000003
000040800509000030000001690030096000027010000000004710062000100000000086005800000
080003007000057014250009000425000009000030050800000060000006100700000000600020800
000009700000500000700000012000013000004007058000006020078090503010030000050000960
008000000100004070300509000600790000000102800020000007742008030900000450000000060
000070500000000000600295704000600073000900000000008100706052000025010480030000006
009100000200030006070008900000000020080060005006080030400000800003007002100940000
000070040000800006000000092600040200002007000090003600000002803007500009301000070
200900006000006709300000850000800005000360400900407000600002000000000308180000070
090028000010000023000006970070040300000000080800200600009010000007009504041000009
000005000000800040000469800030020750071000002820004060080000320003600000040007090
072300860000060010006090000001000074000500000030080120004800200000004000590007040
000000046100087000009000570000060000004300007010000025005010000400605030008009200
506000009090016000010090004000001800009070306030089000408000005000100037000060900
900042000500000391000000008005003987000000002009060000000508000010070240602000000
000030090008600300000009140005006000001040500000005031000420050130000800006000000
000000800514000000000000602090000400000200003080007900300100006007093508009000300
005007020000004700002009014000060030800000400009500200000400500006001080300700000
024050000800600007010000060000000080000027043090008600000094020003000504008000900
904205600000060000070000010150000008007803001300050060000006300200090000000007500
500000006000020008100030549600409000305000100000800000002000600406000005070000030
005400006000000009020950000002003970040000000000108030050800604000000000090027003
000040800160900000075006010910870000000000004000000700006000240000009005002057100
000005000000041087082000030060070005508010000000000400000080900700006004000403020
010300720000000500800004009700608000008500910000000400002000001001020030060009000
400500000000000000000407103030001080095200070000085002001000600000006090004073000
500003060000000000000196280630040008017000004000801030000067940359000000000000000
000067800001028000096000005000054680010000000002000700100005000503001040000800000
800040690530000000000032000000000000208000504074000106003008000040620059000014000
800000000020005801000200500000030609530470200000008000090050007003109000602000030
004601000000007001000000925000000000065019800010036000020040079900023000040000000
300000040007000800009061200000270000080056000400080037810600009000000700000000024
700090002908050740000000005000207000003800200040500076000040003000000000861003000
800000000000009200310000465500700020000600901000053000003068000008090040020000009
790000001000020500020000000039000800000040065000630000005003900000005670806001000
040507080005000029000200000004080200006000070000036001008000050700609000100008700
020007500000100000078603020000040002000070100900300000090000030703002040000504006
010030007900086001000000490040001000800000320007090000205070030000000740000000009
000000008000090037500060000032070000678002000004006003200000001006200050000030690
001005009020000000500340000009200000006700423000001007000809000000000036030000040
000030007003061004200000080000004005000000900750000000802700090000056000000209060
000000070050720600010008400100040900000297000020500040200003000000000000004000715
000000200000057010043010085000100030000000000900506400005000002416700500700080000
700090000008006953000300020000000074050000000000862000100400500600010040380000102
090000000020004700064000009008076003000080400206009008000250090000000001030100004
100008003020000006900050070000006908050200000000700060003000081007000000000324000
500000903200360500000080000000046290640500000000000001000890000010000430004000009
400070090010004002800000000051009030020000000000680900000000100000530800180060005
060024000000570000030600000001000350008000000002700960900000500000206710800040006
080700300006000000000049007000902000090070000000600401008400100370000052000800900
007000020080900005200000000070000008000075410005010003600800054003020000009060000
600005000000000902100003000000001340007500000020060500003900800094000050000037604
108000700900507002000040000000800091700092000080300000805000007000000938030004600
007000300000200000040007901000760005001034800000052600008000004500100000300005070
003000061504060900000000400070000002300890000610050008000900054800004130006070000
000020105800050000060080004009504200500063001007000008000007060014000000000000000
040060000706008040900007080090000000801000300200059000604090002000200503000010400
090570010000009500008000003006002008704000000000030200050640070803050000000000040
000040700020900010080000020100000630030002009000060050800300160700000000910470000
800004150900000700001200000000020439000097000004013000059000006070000928300060007
010500000003800070000006124000000010502000000000070508000694000000000902600180403
100500030008000000020706000000060071015000080000020900004000800500000204930000010
000080410000050800090400006058000621000027390000000008130000002000106000004000000
009000003000270054425000000050000000037000402010060380000000007800700900000010020
100000057000030409000001000010200004906080005200006090030400000000007006008050070
000800005070296000000007290603100408000000510009000000004070062806900000000005000
100370000006009000002600507008050000003000070900000324060100000000000183000800002
002000010080740600600000000000070000804600003090081000043500800270800030000000006
000004970000003005700000240091700400607800000300001060020006090000900000006087100
000180040001000520005000000904030050030040070000002000820500160063000090100800000
081090007060000003000500020000000200500803009800460000050000000000000896009700042
000000080090006501000040070704050000003000800060004000000410006000000209009073000
000000706000003004302000005070304000001070000020051003010007060000016090000540020
000000800004200000000004509602080005003700900000500670100020000000860030000015008
000280040001900008305000200000000700020390000800001000910806030000100000070000680
000000000004003006600700300109000000200600000005230701000120000000407003048000060
502000004004000960010060000000203050000040080000008700000900007300702109109000000
006020040980500000200080600000360710000000450070900800000012090040000000008005360
000020000003570400070003001900000000000049007200000056005000604090001070030005008
000001030050030001200000980000200300000405070009000006000090100036120000004000005
000000906032000000048910000003091000190000700000600040000003001004080030000060020
000200100000600702000003000006000009702100000080000003001050006004720000309040000
000000002000004530001008064009000000000000023403009008000527000000080105007600000
070056480000000000002800071000005900600000008000000042000309000080000700100520630
008000706002000890100500000010720050000000000600000104004608070003000081000045000
000050408500007039000000200090005002007010000300002600000000000600080040040630090
060000005020910000001003000000090043004006500070000200030001002090720050007600000
000001000042800000008000160000042070500000030090600002930060400000000005000290007
000001050000037200030600010000050000060012973900008000001079008000000706000000040
001000700000030061980005000006500040250000093000000000004100000000908007500000004
060009000000070004300400050008006009057000000100284000900000030000007210000008700
000002700004800600000400000040000009006000308010060000700080004000107205095004100
014000800089300060030000902000080000090140603060020019003000000000608700000050000
000024008500080000000000105060009052003000087007000030070360000096000300000000000
030001000000500000091004080000000002000000074109070360058700041006080000003200500
610003700000805060900000008800040000000000300090008507006052004020009000000080073
000042090000900000300008000900000020800061000000080307040007800000000030067050400
030006000000800070000030004095000000010705032000002005060000400007020000400300910
010500002900007000600000105000670000003800000000000084004290030007008000130000009
020000040050008001049030070000000800000725006000600350000091000000007093010002005
005000024040080000031700050000004010080000600060000930000063000500900000900010000
200000109300806000890000000010007500000000000500200060000040070040702010000305840
700030600000000050060200109000001000000009460014000000003070005100004032900052000
030500000000004170000108025000062009600000040700000600080020000006000900520000010
800000049007000050000004300006050080009000625020800000003009000410060900000070002
000046005500008000107000008010000020000802570900030000000000060038005002004000100
000600000007002610500900000090000002300000008701489000000100070004050800000300400
050001060000020050000049000000900700530400001004000300100000200005300084000067000
000020050009007000010034870605000410000300025000700003000100040071002096060000000
007900026006300000000010040000700008105008000000000057200801005540000000000020031
102040000070200000009000500900007100000000036005008020064802001000700900000000008
590000007002004031000080000980507006600400000050000900040200670000001004000000080
700003001000006003005040000000302010600000008010008206000600400002501069000000082
004000050090605000600000014900800006801050000060300020002400005010000400000009800
002003080009000007000750230300020008000000090050678000060000300710000060000040005
640000025003000000000010060007000000000300980200580006000070000080400510090020040
020008000030000000106200003070021000690080500008500060000400006000090042000700001
000000300010305008000000014108700500000008000070059201000600090605070800003000002
008000003600500104000090860000000601001000200070000005003008900400200000060409007
005006000060003007700500020030040000000000145900708000004600032000090080000000500
960000001000060050300200007091000000002300008500000090000042800070000040005090300
000008007150090008070000030007400000006000000030800605000300120900000000043206000
680000210000200670070000000300000700060900500002400003001630800095000000000080000
050060003600400000000070000700030001009800506003000004510040600000000000000090472
092000000000000570000600000030004005007500000820000000008070300001020400500080620
000007504103000000007200000005000000300740100010036090200000000000080300090500068
000000000583900000020000089030020050801006400000004701000702006000300000006001007
050610000000008670300050040000200017000300020000090850205000009783000000000060000
000000602040010030050030040000907000080005003006000008005000020700043006000009804
003608400009000010287000000000060002008300090050401080000090100070000000800000000
000000000001407030200030050060000000000108007000750001004860070780002004020000600
001020000003005070000000540007010000080360000100500002750006000000000008260793000
460007001030900020000080900900050000000760304008000010010000800000025640000000000
000020800010000003000701020000008000006270004000409260007040006000130740008050000
000000800070900000208000000000020040000800030009547001080160500400000210005000003
100000005050089000002600000000200000000008301310700060000003702403002000900010800
000009050890050000000002800007100000000007060400200103070005608000000001321060005
060000100000000498030000070000058009007000002000903700001692800006000020040080005
058000000020905070100000009000000790030010600000302005080206000009050046300100000
400000002067800004008002093000600000090100060000040000010300500006501070000080000
000014000940000005000500600000006050007093004000002007360000090009300080020870000
000000004720000030000070060003000001001006009500008670000800000000140093009007100
700314000001600002080000400000000800002035000000090006600000020500906000049708000
000000971070010000006400200000000024010008300040001008300070000000200450090000003
500006012007200000003000007000740005000000008004038690030900050060401000000000809
820000003106000000000105000067050000200000000000290008009000014408900700000086900
007008400000000015040120000030000000200500068500600049000000000006010082001040057
000000000000870430705030060090700302000000000300000079000016020010090008060300010
900700804000009020003000700300000070000810600060002000000026900010094008020008000
020000000008400970030007000004005007060000003000012000000500009000803600006700050
080400107000000000020007009003000020856200000000005670000950000007061900000004080
000290670000004089070000540050400000009008000002300000018000200000007000030050406
500000046004100502008000000106000200800075300030010007003400800000090000021000000
008057000000008100400000009800000200005309000006085070000000500961000008000640003
006000800020000050000064310908050000000080000004000590000600100030941005007003600
307040002000020008050000000000000000000573069080006020040700100090002500001000040
000410000000000080004007010000080020946000008005370000060203000000008005590100300
000400073930001000000002000000500040006080090000004001800000000400803200500090100
000000006207904000000010034002005070000000600000041008030507090905020300000000007
300005000000604008001000740030000074004000001070080500200003000000100005800700200
600040001300080000090000402002000009040800600000007000006030100003200050000970080
071900000020000048000056000000703010300004700500000004006080002000000100080270690
900100000020580600070063040000050032200000000053600098000070000060800700000009000
000500003000000076700000104004070000000042008009308060000050087060403200030000000
000080002006000870802003900000000035017000040000052000600010500103920600000300000
000031000005000007040000208000000150080402000007090030900024700070800900000900041
060040001002008300700000065000109003010080000000703059000002700009000000305000000
100008000030000907000600000008040065040020000052010400300000008005100000020037006
408005000050908400030002700300060000070000005000109003000400900000000037060500010
950002160000005000001600405000800002000309000008001046500200700090000001400010300
003020000000049130000100900086000000072500000000903600800000000020097800000008716
000000000001043620600080037060000400030500000208007000090700000000000053003000102
000010076700200050053000000006000000200109400000800602001040007000900000004050380
009000500070006000100700806007000000000250040400000001000000000610000003235091000
000060591000021000900005000702006000060000300500000008003009000006040700109300080
003100000007000004000030507504000000030090002208700001000005000000809620910060700
024000800031067000005400100000090000003506002900000750000200005008000090000315000
004008002000000090000630100000000001100002060082400003500071009006020000000800504
000500043010000000002149000720300000005900480004000060040000500000000096090810000
000030020006010080000069357002050000300090070000002100060405000901000000000000005
000010207000200080002700405400000000007091030000050800005029010061000002080003000
300000700005206003020800000700001049100003000000060085000000050200000000001009608
700020050000800400003600000000030075005090004000406038030000000009004700086000010
108000050000000003400007000051900004000050090000380007004090710060000005003046000
380000057000000010000053000009000074000060900400000205095007400210030000000001006
008000503020000009000803040030000100600005408009300006000000020870010000000096000
000900040020007000100003006082000960040021000003008400007000105500002000000006037
010460500000003020400000300003700050000832100000050000080000094007240080005000030
350080200009010400060037900503020090007000800000000000000004030010000500000079081
000208500010000020004560100000009038000300000000000407060100009007090602043000000
000100040500000007698000020020001000000200086801004050000000002150678000003005000
301460200500000300009100000000208507002000000000000900000090003204010000000040012
000002000005041020000960300290006000001000704300780000003000090070000080064000002
004002061000006000170000004030000000009060810400800003008900020000074050600000430
090060000000003620500000084305700010000025000460000000000009051040070000009004002
214000009005000000000060108003000070040000053000049006000403000060090000007800310
000001002009372000000000400070600301000090047400000000027003000600000900500006020
000600002601700000070015300090020000004000010000041030200008001500300009000000800
000000040600007050000030008900500300001400260003008000002004030090000500000080107
080030701000009008230006005000000000070080002000900060600300150400000007020500000
000406103000300000083000900008007001002040000090021050000065200004800000000000070
600002030090000000000070260001000000000067005700028000900000010084050000003006502
100900300050007000060080000408600000600000001900003000000000090013000274000020563
600040000007090420000005000930508006204010500000000090508009300000630070000000000
000700025000100000000020008093200000050003200006009000100590070407000900030000064
700000900600001800001000030090060072070800300000003500030709000050000000000600054
000346000000080010006000000009100004070000000008009021100007002007000480300020005
080010007300065040007000013008003000000000006405000900070600200000080090000002300
000400060091000200000080040010000000030200004002000013900004600070302050000000080
000102900200000005010030070000083007006201040005000060000900001620000000080007320
000000004010000807082100000000009000004010030508000002000020360001500400007003090
005010002090004300000300070000000620056200004980050000000701000003000200500028000
004006950150900038000000000000070000043000000800105020000501092006000000020300070
070000060000360002000000001000000306003050000200900000007005900860020700090007015
000100004090020000000005006000850700001030800900006400030000000050600107789000002
500008000000600000090000070000006024047090000080000000004100305050000700600040800
004000000002080510080002030090000283070020000000100450003000060000603020500010009
007002000000906073000037400000000010802000006000503000309040000060000050080000062
007000000000030007000070084100040003000000902500108000010960400706800005820003000
053020000001007000000000901000000498209300000000560000000001740070030050000000209
000560910080000000000000407070001500041056000800000300103008000900004000000200700
010000008040000001200000006009020080080003600105007090002940000003060209000008000
009040500004000901130000000006000009000309080007000300500008004080003020000710000
020806007007000020090050000050040000000080500100600030000208070006000300003100400
000080000700100000300090560500800200007020003000010604800000030006007000012050000
005804190207005060100300000000003708800000009023000506600200350050000000000400002
003200000800000140000090672010069000300007020000010005030000400200000010000600098
007000249400900000000000300003000000010802005080000091060000000000120903004090700
090000007000000260000857010000016800007090023006300090002900000000684000050000008
300064200000053800200000000000000005706000900000007408000106003540000090000800040
020060000000200000030100007000809034000000000050037009700400052012090080000000300
040500200001000000006003000004200000500000078800040060000010030010074000009300007
009000043047019000000006000004020706000000400070000050000300200502900060010005070
000100400090078020870000000000240300000003006008000050000000000031409200200000860
800069000001200000000003050700010806000000000608025410000002000003680007500000230
000000012050490000006300000270040003000070040000006009310050000000002970000100400
300000002007900100200600000006001090000000054503420000000004003000006709071000080
080700005900580000040000000009600000000010708000000490008900601000870300300004002
706200900000000000000175000401000060009030410000500800600000043005087020010006000
008500000570009043000000860702000000400008009060000300000780200200900006009010000
605000008000010309000005004050000010090000607140007000010508000020900700700030080
000000000000094038000000794105602000000100300008000050502000400901060000600028009
800000005600080010100026009000500108000000003728000000090007030530000020000003096
006502090502000067040800000000400001170000005400080009007100000000060002800030054
081000004005630009700000000000100000000005100003700600047000500000000003000097206
007400000001000030000060900000001003900003040080096000000030215608000000000000004
060010300004000010000057008005061080020009000006400100500080000008000403201000000
000000340041030090000000780809020100010000400000800020007005000058000600206001900
000230000900000048004000500006750001000000906000801072000070300003600000040000090
000000308000409000009000020300106000070040000004028910085000002000061000000503060
004100000005073000000080400040000301000007000089500006200031905000060000070000800
004070006000000092002800030010000008000000000020100560400000050809030004060907000
009000000006080005305000028803009600000700040000300010040200780060000000000000100
000000000507630009000820730840000100000000003009700000300004080000060050081000006
000057380000000100080900000260000070000040009001230800004020000050000000000401000
000407300002015700090000000000060000081000207600004003000000005003700000028001900
009800600000500309400300005300000000007000900090060001070042000000000040060900810
694000080000000010008000900053400000000920000020005000000003072046800000000000405
000060850000870000002001000007010340000030000010600000560009017008700900200000004
001000060000050700040300000000600002460000007590080000610020000000040308900100400
090050024000200600000007010600000000107802050030009000000040003080000040000506082
080604000000500900100000800000000283009000006000045000000020000074003090005900600
000057098006000200005000003000001370900004000400700002010002480000000006802000700
090050602020000000100000870004010200060000900900500304000002700008061003000000009
003602000000080000009010020008500470050000010700348000306000100400007082000000050
500000009043000000006301004900107030000280407300000060000000050020050600600000080
006020000500000090030700000004006000000004578200057610000000005100040032902008000
002080653750000490000000000000064210000000900000020800001050000030907008040006000
006803007000017000400000100000000003060000004000040028009580700000104250070020000
003040700500900620800700004090008203200000050007000800058600000000009040000000001
000090401570006000000000080040001905003000000001000004020804007004300028006000100
304006000000020130000007600008000020095000010000070800203010050700040900000030070
020950060090020037040000000009000708005007000001006090000005020000700006000140009
070000003001860570040002008000000250205006000067000800003000000000500634000107000
000050040205700009900006080000300020000009100000800406800007900050008010006001005
000720000700100038000000040000060301000508007450010000000300016200000080301009000
090000400708230050500100080003006009000020000000040710009600000040050600800000502
000060400200500803000309050300002010000100004006070300000037009000000700040000060
000001090032000700000050000000904000007100000400007000005029007020400300010000508
070104530010005060300000000000000001000263070000009008600008000009000000002000095
045060000000850003090000200601000000070000098000078050000016000900500004000490802
060830000500049000000000300300002070070000000010460080007010006005000004004750002
050000092000000000000106004002001050800007300000009401010090070620000000040080019
106024900090000040800006012000009070601003000005700000000600000400080000007000530
080060000070004000000020010000000620600012007004000050046970000030000105005006000
080000902009006070003000006007031020000005001350900000000000050900710000000400800
000490205100000006000070000900005007000038600205001000000000800038000040000050000
000090000000076542000080030500007008620001300090000204007040010000000006109008000
030000100005006000060000700000107003040005819900680500100802000027000000000009300
020000800100000000800400007000500000090020300000108640070005000000006920050809031
600030102700500008009010000000100006408000010000070050020608000000007039000000005
305000600090006000102580000030000000070000325200100000000070103000200004500003800
015400800026000000000850000004037100008002460030000070090003000000000002000080047
800002000000640092004300005000005006020100009005000704000900050500430001380000040
050000010830000900020006007045009060007000085000001020001300002000018000060070000
074310000003000900000008050090000000085000320001906080000400801000000700067000000
000320000004000000900087200007002004000501036130000080870050900600000023000000000
000000080900700002060009040000400015000060300071050000630000007007008200012000000
084700000000400100003000205000009000000030052930017800000580000706000001000000500
000000008003040900004053000000000050030060000091000082000004700200070006900008040
000000408000100970600020300002000000004009000900840001007050084130000000080960000
700809000200000008000700610003060800000500200040093007030000050006002003980004000
000907000080000300060000040021000000008300005000000709004093001200100400000060870
090300000000000109000500060080400007005062010000050400301027006702000001000000020
050000600010058000700902100000000004032000095100000800000000400004090060005023080
000000870000604090300050000200031500070008000000040018082000009009000703000070004
000000003000007620060200800000490700900008010008650000183006000000075030002000100
000300000900004000031060070500000003002030106000209005060000000400092037000000902
060000057402600030000000000000078041000000000005200900010090403000031002070004000
003000095010000030060020000007000003000000600009600007000100000200083004800407001
004098106080600000000000002001000050700005008000000930895010000000860000200000017
007000600000062000003008001000081004900003100000000920002000000140300072076000005
000025037300070001900800050000000000706000010030208000007000920000500004024080000
003560000670000900004000100030900000009072008840005000100084700000000000000026040
010000004008510000004006000200000500000490008005100060100600080900000053070200000
000019000000800000600030020001000000008040076097000403000650000003001200000400901
000046090000003600800701030020090400000000200903000000040050002005000800019000040
000040190610000007300000250063802004500000002000039000000000800080976000000400005
300079002000080500800003700060005200001000009020900380694800007000000000002010005
051032700870500000030090004000004090080907000000000208308000000000060300640020070
050090367000700000080056020900001000043060200000500009000020070802100000000080640
000008415700000000000000008600030040000100000000045200000000500230601000054809070
180050000000000003000098270000020086094705000006000400001000000007800041200000000
060000001900000000035600007200000090000068400000403010000000100056730000002009008
008000001100039840000070090000000053081000007602000000060500010009600020300000000
000000000007080030000700901060030010004009800080000600108000000000500006092000704
004000000006000104000630000180000620092000070000075000000010050875000002000700000
200000089060108000705000000002007004300500720800000000000650090004000007000009201
000900400003054000000020009002500060000060000054000017300009000070200030005100080
400010060000500000010768000200000000000190070006000004000005800350000200102600305
008370005020008000095004300000600090164002000000007000003500000000400070050001800
002000040600070000307081900096000502000530400000200700005300600000000000000800051
000006800700002051000000070090000000060005008002080304080540000000000030540100200
300010084002000001004000005800106000000005230750000000060400000100000090000780000
000100006570000900000090072006000280000050090000008001200010003010860000403000008
040000000000102006030080700000001803005724000000000050007000090500070200009500001
100206000060009000000008040050300729900000030000000004000000200000902517008100000
009830200000000090300006040000000000002300005070510000006040307008001000100900060
000000002489000000000087690305004906000500400020000000003019000000000700600003081
004006000000002070001050008005063000000000012107000004000020560060000080348000000
560000000000090005000020004003041800070000030900006000420000500000000021000083009
000900010200300900000200070800060000030000097050430600046050001007108009008000000
000000000060008000009030040000100000007040390002000067700090010036007950800203000
000000004005010080003900005200000970060009000009604030010700800000040010407800200
080026000000000062003080049300000051001000490000004006000008030709160000500000000
050000001000020057102008000004070009000950060000000080940060005020005000300700094
003185000060000020501000090600010304004000000000350079000030051007048000030000200
040801700000030000006900508700000000010006020008070601900000000000000050100062030
000007009020000000005042007016000000000500014008020050007600080000003090360001400
020800600803000000040307000000030106605000009400000080007240003050090000000001708
000050600000000000500460000400700500002581730000020008001030070380070060000000210
100000600000407090080900000050060000000000075210050430904201800000003020000000009
700000520000000004040010003001040830000060900600008000904300057080005002000006000
604200005207000010000500300060020000000040900000106070000000200085000000090670430
000600001000200940014000070000700005000060300030000080000001004008000200070005039
000020590000600000008030002089000300005000280100400000700003050020016004000970000
200000086000008072050000000000100009010904300004020007420010000091070205000090000
000050000801040060000600000000001039003000700508020000090000250060010000000900304
003910000040800000600407019060503070001000240700000000000070502000050700000002038
600054008000902007000000005009000170020001400048000000900108000003090000000070300
100000200006900010800030000001000009200060007000000640029000000000302000030004708
007000082000060004082000100000040600005000000010003000070500860390001400001600000
000039000070020060600000400030060005000005000000800790000000020000000153045080900
030008000600050402070049080500021070801000000000000090000000600007004000020000043
800010000000000306000004075900406001020083000050000000000900200030020080500000007
000085000009006405040030020026000180000000500008000009000000010700003200005900700
090300000008070016000000002630010050900000000050007400000052700010006028300000000
009020000000050000600100490040683700000005000700000013205000080000300000080060300
000300004000007905405002030007000000040016000010490000009200003504100007070000800
500401000000000350094000000000000192430000700000002060080500040010070800007006000
000060009009015002000200064000750800300000600100000050000600000900000430200340000
000080100006000008000307200080000000005900700210004906050009000000006001902070005
103900700000060050060000030010000000800700206000026900004370000009000001070000400
003004080500010000700009050000000900670000000000006001904500076030040820000000000
003040002100000030069000000600507100000000020000061500005009380700003945000000000
000520000060000100080000509100003000090050007000700904001000780600004000308000042
014200000000350080002000490070005000003600008000000060006000803030029056040000100
000004150070006008800700009900000005100090230030600400054000010000040000020370000
006200008080001540000400000300100050000007106000500300005600091000005003403000070
000006309000000270040901800380700000000000100000060004060048000200030900000000050
092050100000000007100400500004000301000040050000002060000700000080003026009610003
300005000400260701009000405080070500003006904000000000070500010000040000000300200
000000982002007000060003000000020500310000007000306004500760100003080040048000000
000500300300008000000040620840200009000010070092000050020067001003000064000005000
000030057050170060000000000900004008076005001000002300000200800390000004080007000
000000040003002910040005608980010006000300080100000007000060000007000504800209000
000040700008000206090100045072003800004060000300000060000005000700900000060000450
004650030008000001090000000000007000100000260050000004010006020007580300020703400
200000700005080030001400000806070900009502000500000000000000060000001347730008020
508000007200060400041000000000095603900040020000000000093000082000058000000070146
080005000000070301005010008400000000030907800000000032907200010000030600020006000
070000095000000002130800000800700506900000230060004000500060000009470150010000000
000046001700000300020008700003000090000100040000609280010200000805000400006800010
000005013000069070007030000400000500000400280200000030500000008820090340009070005
000207306100080200060000050500000000000600000800042000010903007002070030000000019
000800002003090000609700000100000070080050400006000003000030600000010005034907800
500004600900000107080200000001805000008003070007000310006000003000060000000000809
001000009300690050000000400097000000000012040008309000000150073000200000504000602
000607005009008000008100040000000001300000500400310000040000060000090308500020009
005700000009020036000005000080009070003008000020040001000000700062070093000000452
050090000700800029002004000000600000025070004000041005000057018040030000010008070
000009080050000610020100000000000050007050148000040000006802500004900000001000700
000050003030400090004021007040063000000000018009040032000090720000016000200005000
000000541000006000070100002017900000009050000000008200500080300090400000020010705
000000090600001002874000000010000500003800000080005600000000820005060003060430005
061000000004000705003070042090400000000090051030060009000004100608300000000002006
000000069003800400600007008004000130010000006260000700008150000000094800040000510
000830200008000006000004007700040060400071000003002050006000100089600000030000008
003000009000018400004006200000604010020000704010000050009005000038000000000470300
700000000006008005009004000005002010000800740200700000000605300000400080020000097
040006000000070800320800700010009000000005041000004030430000609500000402208000000
008004003200105000001000500003092008000036000900800002000003024700000090000500006
030090100040000000000002008000007030000000870002410006060059004100000000000100527
000000001007100600000050700100240300000008050020009008000002070090480032008000009
040007000000002060019540200007050100300006000000000050001209008000060007008030002
807000400500069003000400200001004006000026005900030100600070080000000000480000007
100600000000009270000400030001000000400000002360000050090007064000800500007210000
070203069000000000500090204000000070800010002000900043000006000640000000905140830
600700000041025000300000000000000003000030092004260008500000400820050106006013000
000300026090000800760000000200065400000920000000048050309800040008600032000000070
004160020300000800000700000650000043000003000000090506000000089006002430705000100
050040007130000640204000000000200700002006039000098200000000080703600002089004003
008000091000500070007060000020040030900038024000002000000000943004000008590003000
200090500009000001000784090630000000500300000000002408900000670081007000000050000
005079030600000040000000000000000480001700050070093100000010002300004500009005600
900250000030649000000003020000000800500070410691020000008100000040000070075000080
000000980020805004001000020040030500008000062500016000083000000000000706002907000
000020000000001400000630087900000004005000006017300800602700015000060030000108000
020300900098600100003008060500000000000003897000402000800000002000007080017050300
032904050000007980000000000000050400300000000400002800001800200050000090060300071
090100000005000000040005300200093005000008600030600100700000210020060009306000800
000400003005020700000800029003082000040060000000100008120906000090000600000004200
900000005800000020107089000000070001000200009003000000000065302001820700000040590
000000096008650003200000001000060007000020800405800000703510040002370000000000009
000007000080020400507960000000000000200000049170000006300040010009300000008005062
008000906009005700040001000002300040706080230000072005020040000000000481007000000
008000006020050104000002030000095000080701090600000070050400001000600020090000700
000009000079052006010080003308000010000208450000000900100060005000000000042003000
006002801007105000020400000140000080000000003800030206008000005000040002500000630
030190080000040000000000103041006700090007002005030000008005910000000005000060047
008030500000081700000400000204000010000905406006200000305070040081300050090000630
900000001000083700160000020200068047000090000300007290000040300801600000050902000
360001200000000009107000008000000025009063000504000000000016000800000900650008300
000081000009500006000490000000008009007650080040000200073040090000010007025700030
070081000000000190000740000001000089000608051000003400002970040903000008004000006
490020000307004020060008903045070030006800010200001000009000000000000601000003004
005000090000070400600108007030000000104000320002300918000000060000052000080009004
090050610600900000080001000503000048006200700000030500000020085070609000000000000
030000005000000086000100400400090200300000600020054070100085300000006700600002004
900000050410700600003000089004250006000000103006000020000005900560079000020000000
800006304000000000040090001309060000000700006021800050002470000400008700000001040
000000049004500800020008500030084006056000000000010002970800060000002000800100400
000080200030010040500600000050009026000000000000400700800000002004003061001790000
000000005000801002050020060000400700540038200000000008900000400200010086086000090
000000620063008001007090080600400050400070302000500060008000010720003000000004005
060000000000006380000307000000000200007004001800093407076001030020040000401000002
080020700000051030309008000000200000000000209405003008000400000207000040000009120
002000004050000200100007000008010907900300060300000800040298000000500000800000390
704906000000000600060205090600800002009070140080004050000030000000001060000509200
000628000075004000030070000000000000001400860000010732010000080600090000008003021
000000006000008040019000300000000081002000050400500600076203400200006030080070005
300740000000000300000280014070000500008920000090001030000000490410052070000300005
300062504000000006001000080010400090008000000906007050000205309080000100030049000
760000020000700030300520008000100009000000051200040600013000000000400500029060000
900001400020060080800040073060218000000000010000000007004000009100904300200070000
003980000040200005006500000090800010008004000000000030000001050004009320007000600
030200060000000100000008000007040021008005000010000050004000000000030670600709803
518000000000003000600100070200049000000700030700000064000604008091000050000020100
600000900048060500009004000000006097102080000050400001000900800000108050000000003
090340002000000900000002000007000500001000003500800670030060080600430021000009050
000000570051000006000908000000001390870000060906040000000000010000460000020307400
000000000000000000000000000000000000000000000000000000000000000000000000000000000